10,0
20,0
30,0
40,0
50,0
60,0
70,0
80,0
90,0
100,0
110,0
120,0
130,0
140,1
150,1
160,1
170,1
180,1
190,4
200,1
210,1
220,3
230,3
240,3
250,4
260,4
10,0
20,0
30,0
40,0
50,0
60,0
70,0
80,0
90,0
100,0
110,0
120,0
130,0
140,0
150,0
160,3
170,4
180,4
190,4
200,4
210,4
220,4
230,4
240,4
250,4
260,4
270,4
280,4
290,6
300,7
310,9
320,17
330,18
340,19
350,20
360,20
370,20
380,20
390,20
400,27
410,29
420,30
430,30
440,30
450,30
460,30
470,30
480,30
490,30
500,0
510,0
520,1
530,1
540,1
550,1
560,1
570,4
580,6
590,8
600,11
610,11
620,13
630,13
640,13
650,15
660,17
670,20
680,24
690,27
700,28
710,29
720,31
730,35
740,38
750,42
760,45
770,48
780,49
790,49
800,54
810,55
820,57
830,59
840,65
850,71
860,72
870,74
880,74
890,74
900,76
910,83
920,90
930,94
940,97
950,97
960,97
970,99
980,100
990,100
1000,0
1010,1
1020,3
1030,4
1040,5
1050,7
1060,12
1070,12
1080,14
1090,18
1100,19
1110,22
1120,27
1130,30
1140,37
1150,44
1160,47
1170,52
1180,56
1190,60
1200,66
1210,70
1220,74
1230,83
1240,92
1250,98
1260,101
1270,109
1280,113
1290,118
1300,118
1310,118
1320,122
1330,124
1340,127
1350,130
1360,134
1370,138
1380,139
1390,141
1400,147
1410,152
1420,152
1430,160
1440,170
1450,172
1460,173
1470,180
1480,189
1490,194
1500,0
1510,3
1520,9
1530,15
1540,19
1550,27
1560,31
1570,35
1580,41
1590,46
1600,53
1610,56
1620,61
1630,68
1640,72
1650,76
1660,80
1670,87
1680,92
1690,97
1700,106
1710,115
1720,122
1730,128
1740,137
1750,145
1760,149
1770,150
1780,151
1790,153
1800,155
1810,160
1820,164
1830,166
1840,170
1850,174
1860,181
1870,187
1880,194
1890,199
1900,206
1910,213
1920,219
1930,223
1940,228
1950,235
1960,239
1970,244
1980,250
1990,257
2000,0
2010,6
2020,14
2030,17
2040,24
2050,31
2060,39
2070,43
2080,48
2090,51
2100,56
2110,58
2120,60
2130,63
2140,70
2150,77
2160,82
2170,85
2180,90
2190,94
2200,100
2210,108
2220,114
2230,119
2240,127
2250,131
2260,134
2270,139
2280,147
2290,155
2300,160
2310,165
2320,171
2330,179
2340,188
2350,197
2360,205
2370,214
2380,222
2390,230
2400,238
2410,248
2420,257
2430,265
2440,274
2450,284
2460,293
2470,301
2480,309
2490,319
2500,1
2510,10
2520,19
2530,29
2540,39
2550,46
2560,55
2570,64
2580,73
2590,82
2600,91
2610,100
2620,110
2630,120
2640,130
2650,138
2660,146
2670,155
2680,164
2690,173
2700,180
2710,185
2720,191
2730,194
2740,197
2750,200
2760,207
2770,210
2780,216
2790,219
2800,220
2810,221
2820,222
2830,224
2840,225
2850,226
2860,227
2870,229
2880,232
2890,236
2900,238
2910,242
2920,247
2930,254
2940,257
2950,260
2960,265
2970,269
2980,275
2990,278
3000,0
3010,3
3020,9
3030,12
3040,18
3050,23
3060,29
3070,34
3080,42
3090,48
3100,52
3110,57
3120,60
3130,66
3140,72
3150,79
3160,85
3170,94
3180,103
3190,110
3200,120
3210,128
3220,137
3230,145
3240,155
3250,164
3260,172
3270,182
3280,187
3290,197
3300,207
3310,214
3320,221
3330,231
3340,239
3350,246
3360,252
3370,260
3380,268
3390,277
3400,286
3410,292
3420,299
3430,308
3440,318
3450,327
3460,335
3470,345
3480,354
3490,363
3500,0
3510,2
3520,5
3530,8
3540,12
3550,15
3560,17
3570,20
3580,23
3590,26
3600,29
3610,34
3620,39
3630,45
3640,47
3650,53
3660,55
3670,58
3680,63
3690,65
3700,69
3710,73
3720,75
3730,76
3740,79
3750,82
3760,87
3770,93
3780,97
3790,101
3800,104
3810,107
3820,112
3830,116
3840,118
3850,123
3860,128
3870,129
3880,133
3890,137
3900,142
3910,144
3920,147
3930,149
3940,151
3950,154
3960,158
3970,162
3980,164
3990,166
4000,1
4010,7
4020,10
4030,14
4040,16
4050,17
4060,18
4070,19
4080,20
4090,20
4100,21
4110,21
4120,21
4130,23
4140,25
4150,29
4160,34
4170,38
4180,42
4190,44
4200,46
4210,50
4220,57
4230,60
4240,61
4250,62
4260,63
4270,63
4280,64
4290,67
4300,71
4310,77
4320,81
4330,85
4340,86
4350,86
4360,91
4370,98
4380,98
4390,101
4400,104
4410,114
4420,118
4430,122
4440,128
4450,138
4460,145
4470,150
4480,160
4490,170
4500,1
4510,9
4520,13
4530,15
4540,20
4550,20
4560,20
4570,20
4580,21
4590,28
4600,31
4610,37
4620,41
4630,47
4640,49
4650,49
4660,50
4670,53
4680,63
4690,73
4700,83
4710,93
4720,99
4730,100
4740,104
4750,110
4760,117
4770,127
4780,137
4790,147
4800,157
4810,167
4820,176
4830,182
4840,192
4850,201
4860,204
4870,206
4880,211
4890,220
4900,230
4910,240
4920,250
4930,260
4940,270
4950,279
4960,289
4970,298
4980,308
4990,318
5000,1
5010,11
5020,19
5030,27
5040,34
5050,44
5060,54
5070,64
5080,74
5090,84
5100,94
5110,98
5120,101
5130,108
5140,110
5150,111
5160,117
5170,122
5180,122
5190,122
5200,124
5210,128
5220,128
5230,133
5240,138
5250,139
5260,139
5270,144
5280,149
5290,151
5300,159
5310,169
5320,179
5330,187
5340,195
5350,204
5360,207
5370,207
5380,211
5390,218
5400,220
5410,223
5420,233
5430,243
5440,253
5450,263
5460,272
5470,282
5480,287
5490,287
5500,0
5510,0
5520,0
5530,0
5540,8
5550,18
5560,28
5570,32
5580,32
5590,32
5600,40
5610,50
5620,60
5630,70
5640,80
5650,90
5660,100
5670,110
5680,120
5690,130
5700,140
5710,150
5720,160
5730,170
5740,180
5750,190
5760,200
5770,210
5780,220
5790,230
5800,240
5810,250
5820,260
5830,270
5840,280
5850,290
5860,300
5870,310
5880,320
5890,330
5900,340
5910,350
5920,360
5930,370
5940,380
5950,390
5960,400
5970,410
5980,420
5990,430
6000,1
6010,11
6020,21
6030,31
6040,37
6050,43
6060,51
6070,61
6080,71
6090,81
6100,91
6110,101
6120,111
6130,121
6140,131
6150,141
6160,151
6170,161
6180,171
6190,181
6200,191
6210,201
6220,211
6230,221
6240,231
6250,241
6260,251
6270,261
6280,271
6290,281
6300,291
6310,301
6320,311
6330,321
6340,331
6350,341
6360,351
6370,361
6380,371
6390,381
6400,391
6410,401
6420,411
6430,421
6440,431
6450,441
6460,451
6470,461
6480,471
6490,481
6500,1
6510,9
6520,17
6530,24
6540,32
6550,40
6560,48
6570,55
6580,63
6590,71
6600,76
6610,84
6620,94
6630,100
6640,110
6650,120
6660,130
6670,140
6680,150
6690,160
6700,170
6710,180
6720,190
6730,200
6740,210
6750,220
6760,230
6770,240
6780,250
6790,260
6800,270
6810,280
6820,290
6830,300
6840,310
6850,320
6860,330
6870,340
6880,350
6890,360
6900,370
6910,380
6920,390
6930,400
6940,410
6950,420
6960,430
6970,440
6980,450
6990,460
7000,1
7010,11
7020,21
7030,31
7040,41
7050,51
7060,61
7070,71
7080,81
7090,91
7100,101
7110,111
7120,121
7130,131
7140,141
7150,151
7160,161
7170,171
7180,181
7190,191
7200,201
7210,211
7220,221
7230,231
7240,241
7250,251
7260,261
7270,271
7280,281
7290,291
7300,301
7310,311
7320,321
7330,331
7340,341
7350,351
7360,361
7370,371
7380,381
7390,391
7400,401
7410,411
7420,421
7430,431
7440,441
7450,451
7460,461
7470,471
7480,481
7490,491
7500,1
7510,11
7520,21
7530,31
7540,41
7550,51
7560,61
7570,71
7580,81
7590,91
7600,101
7610,111
7620,121
7630,131
7640,141
7650,151
7660,161
7670,171
7680,181
7690,191
7700,201
7710,211
7720,221
7730,231
7740,241
7750,251
7760,261
7770,271
7780,281
7790,291
7800,301
7810,311
7820,321
7830,331
7840,341
7850,351
7860,361
7870,371
7880,381
7890,391
7900,401
7910,411
7920,421
7930,431
7940,441
7950,451
7960,461
7970,471
7980,481
7990,491
8000,1
8010,11
8020,21
8030,31
8040,41
8050,51
8060,61
8070,71
8080,81
8090,91
8100,101
8110,111
8120,121
8130,131
8140,141
8150,151
8160,161
8170,171
8180,181
8190,191
8200,201
8210,211
8220,221
8230,231
8240,241
8250,251
8260,261
8270,271
8280,281
8290,291
8300,301
8310,311
8320,321
8330,331
8340,341
8350,351
8360,361
8370,371
8380,381
8390,391
8400,401
8410,411
8420,421
8430,429
8440,435
8450,440
8460,446
8470,455
8480,461
8490,468
8500,1
8510,7
8520,14
8530,20
8540,27
8550,32
8560,40
8570,47
8580,54
8590,61
8600,69
8610,77
8620,84
8630,91
8640,100
8650,106
8660,111
8670,118
8680,127
8690,136
8700,143
8710,148
8720,156
8730,160
8740,170
8750,180
8760,185
8770,192
8780,193
8790,193
8800,193
8810,195
8820,201
8830,209
8840,214
8850,220
8860,227
8870,233
8880,241
8890,249
8900,256
8910,263
8920,267
8930,272
8940,277
8950,284
8960,288
8970,293
8980,300
8990,307
9000,1
9010,8
9020,15
9030,19
9040,28
9050,35
9060,40
9070,46
9080,54
9090,63
9100,69
9110,76
9120,81
9130,90
9140,96
9150,103
9160,109
9170,116
9180,121
9190,128
9200,136
9210,143
9220,151
9230,160
9240,167
9250,176
9260,184
9270,192
9280,200
9290,208
9300,215
9310,220
9320,226
9330,234
9340,240
9350,248
9360,255
9370,262
9380,269
9390,276
9400,284
9410,292
9420,297
9430,303
9440,311
9450,319
9460,326
9470,332
9480,340
9490,346
9500,1
9510,8
9520,14
9530,23
9540,30
9550,35
9560,44
9570,51
9580,60
9590,67
9600,74
9610,81
9620,87
9630,94
9640,98
9650,103
9660,108
9670,116
9680,122
9690,126
9700,132
9710,139
9720,146
9730,154
9740,163
9750,170
9760,177
9770,183
9780,193
9790,199
9800,207
9810,214
9820,218
9830,226
9840,235
9850,241
9860,251
9870,257
9880,264
9890,271
9900,280
9910,285
9920,293
9930,298
9940,307
9950,312
9960,320
9970,328
9980,336
9990,343
